url_path,views_total,views_unique
/EarthSciML/EarthSciData.jl/actions,18,1
/EarthSciML/EarthSciData.jl,11,2
/EarthSciML/EarthSciData.jl/blob/main/test/netcdf_output_test.jl,8,1
/EarthSciML/EarthSciData.jl/tree/main/test,7,1
/EarthSciML/EarthSciData.jl/actions/runs/10157972042,5,1
/EarthSciML/EarthSciData.jl/blob/main/src/geosfp.jl,4,1
/EarthSciML/EarthSciData.jl/blob/main/test/load_test.jl,4,1
/EarthSciML/EarthSciData.jl/edit/main/test/netcdf_output_test.jl,4,1
/EarthSciML/EarthSciData.jl/actions/runs/10157511255,3,1
/EarthSciML/EarthSciData.jl/tree/main/src,3,1
